y,d,s,c,g,e1n,e1r,e2n,e2r,e3n,e3r,e4n,e4r,e5n,e5r,m1n,m1r,m2n,m2r,m3n,m3r,m4n,m4r,m5n,m5r,s1n,s1r,s2n,s2r,s3n,s3r,s4n,s4r,s5n,s5r,sc1n,sc1r,sc2n,sc2r,sc3n,sc3r,sc4n,sc4r,sc5n,sc5r,epn,epr,spn,spr,mpn,mpr,scpn,scpr
1718,00,0000,White,Race,85014,13.7,126789,20.4,164473,26.5,159191,25.6,85636,13.8,83814,14.6,90944,15.9,167221,29.2,137108,24,93043,16.3,10559,7.2,18564,12.7,36142,24.7,35093,24,45979,31.4,21162,9.3,46586,20.5,71097,31.2,40678,17.9,48079,21.1,409300,65.9,117215,80.1,397375,69.5,159854,70.2
1718,00,0000,Total Students,Total,328049,20.5,376524,23.5,400020,25,332143,20.8,162047,10.1,333512,22.4,276494,18.6,411638,27.7,288477,19.4,178510,12,44043,12,60575,16.6,95658,26.1,77661,21.2,88046,24.1,91728,16,145761,25.3,169230,29.4,81799,14.2,86512,15,894210,55.9,261366,71.4,878628,59,337541,58.7
1718,00,0000,Students with Disabilities,Subgroups,111532,50.1,55589,25,35196,15.8,16762,7.5,3344,1.5,105326,48.7,44573,20.6,40721,18.8,19558,9.1,5878,2.7,13770,30.8,11953,26.7,10852,24.2,5445,12.2,2756,6.2,29473,40,23007,31.2,13872,18.8,4981,6.8,2396,3.2,55302,24.9,19054,42.6,66160,30.6,21249,28.8
1718,00,0000,Native Hawaiian/Other Pacific Islander,Race,477,17.5,603,22.1,735,26.9,650,23.8,267,9.8,509,19.6,455,17.5,727,28,557,21.5,347,13.4,83,13.7,92,15.2,163,26.9,130,21.5,138,22.8,133,14.3,223,23.9,287,30.8,137,14.7,152,16.3,1652,60.4,431,71.1,1631,62.9,576,61.8
1718,00,0000,Multiracial,Race,9553,17,12840,22.9,14601,26,12619,22.5,6471,11.5,10170,19.4,9711,18.6,14847,28.4,10758,20.6,6848,13.1,1132,9.6,1770,15,3131,26.5,2668,22.6,3103,26.3,2551,12.8,4771,24,5929,29.8,3116,15.7,3516,17.7,33691,60.1,8902,75.4,32453,62,12561,63.2
1718,00,0000,Military Family Student,Subgroups,2700,11.5,4787,20.3,6643,28.2,6286,26.7,3126,13.3,2751,12.3,3425,15.4,6702,30.1,5657,25.4,3762,16.9,305,6,574,11.3,1216,23.9,1272,25,1720,33.8,643,7.6,1634,19.3,2710,32,1606,19,1865,22.1,16055,68.2,4208,82.7,16121,72.3,6181,73.1
1718,00,0000,Migrant,Subgroups,3003,36.7,2643,32.3,1598,19.5,772,9.4,167,2,2413,31.1,1869,24.1,2156,27.8,955,12.3,359,4.6,342,20.7,415,25.2,496,30.1,253,15.3,143,8.7,746,28.3,901,34.1,657,24.9,211,8,124,4.7,2537,31,892,54.1,3470,44.8,992,37.6
1718,00,0000,Male,Gender,199025,24.4,197628,24.3,197846,24.3,153418,18.8,66722,8.2,178939,23.5,136447,18,203276,26.7,147259,19.4,94072,12.4,23126,12.5,29076,15.7,45638,24.7,39342,21.3,47605,25.8,50123,17.2,70954,24.4,81896,28.1,41942,14.4,46222,15.9,417986,51.3,132586,71.8,444610,58.5,170060,58.4
1718,00,0000,Homeless,Subgroups,10022,37.1,7494,27.8,5799,21.5,2944,10.9,723,2.7,9911,38.2,5851,22.6,6279,24.2,2921,11.3,958,3.7,1126,22.9,1143,23.2,1418,28.8,750,15.2,489,9.9,2635,29.5,2810,31.5,2235,25,752,8.4,497,5.6,9466,35.1,2657,53.9,10160,39.2,3484,39
1718,00,0000,Hispanic,Race,113313,21.8,128761,24.7,132690,25.5,101973,19.6,44064,8.5,115252,23.6,96296,19.7,137502,28.1,90425,18.5,49551,10.1,15937,13.6,20787,17.7,32010,27.3,24141,20.6,24335,20.8,32793,17.7,51048,27.5,55554,30,24028,13,22021,11.9,278727,53.5,80486,68.7,277478,56.7,101603,54.8
1718,00,0000,Foster,Subgroups,3158,37.7,2331,27.8,1774,21.2,937,11.2,185,2.2,3006,37.9,1813,22.8,1906,24,941,11.9,274,3.5,306,24.2,297,23.5,349,27.6,199,15.7,113,8.9,744,29.1,818,32,635,24.8,226,8.8,134,5.2,2896,34.5,661,52.3,3121,39.3,995,38.9
1718,00,0000,Female,Gender,129024,16.5,178896,22.8,202174,25.8,178725,22.8,95325,12.2,154573,21.2,140047,19.2,208362,28.6,141218,19.4,84438,11.6,20917,11.5,31499,17.4,50020,27.6,38319,21.1,40441,22.3,41605,14.7,74807,26.4,87334,30.8,39857,14,40290,14.2,476224,60.7,128780,71.1,434018,59.6,167481,59
1718,00,0000,English Language Learners,Subgroups,75867,35.6,61410,28.8,46485,21.8,23532,11,6003,2.8,68217,32.7,45564,21.8,51999,24.9,29954,14.3,13043,6.2,9358,27,8903,25.7,9257,26.7,4481,12.9,2680,7.7,21329,31.1,22701,33.1,16072,23.4,5154,7.5,3415,5,76020,35.6,16418,47.3,94996,45.5,24641,35.9
1718,00,0000,Economically Disadvantaged,Subgroups,273659,26.5,279082,27,253808,24.6,167560,16.2,58261,5.6,275493,28.3,207696,21.3,269128,27.6,153611,15.8,68278,7,36065,16,46136,20.4,63935,28.3,43362,19.2,36137,16,76130,21,107750,29.7,104528,28.8,41348,11.4,32949,9.1,479629,46.5,143434,63.6,491019,50.4,178825,49.3
1718,00,0000,Black/African American,Race,115586,33.2,100494,28.8,76334,21.9,43257,12.4,12848,3.7,120199,36.5,74867,22.8,81821,24.9,38395,11.7,13745,4.2,15677,20.1,18326,23.4,21918,28,12967,16.6,9298,11.9,33957,27.7,40511,33,31376,25.6,10293,8.4,6598,5.4,132439,38,44183,56.5,133961,40.7,48267,39.3
1718,00,0000,Asian,Race,3137,7,5925,13.2,10015,22.2,13561,30.1,12399,27.5,2641,6.7,3413,8.7,8329,21.1,10466,26.6,14538,36.9,476,4.4,844,7.9,1998,18.6,2445,22.8,4960,46.3,874,5.2,2171,13,4454,26.6,3308,19.7,5945,35.5,35975,79.9,9403,87.7,33333,84.6,13707,81.8
1718,00,0000,American Indian/Alaskan Native,Race,969,21.5,1112,24.7,1172,26,892,19.8,362,8,927,22.4,808,19.6,1191,28.8,768,18.6,438,10.6,179,16,192,17.2,296,26.5,217,19.4,233,20.9,258,15.3,451,26.8,533,31.7,239,14.2,201,12,2426,53.8,746,66.8,2397,58,973,57.8
1718,04,0000,White,Race,281,23.9,365,31,278,23.6,203,17.2,50,4.2,283,26.4,236,22,326,30.4,169,15.8,58,5.4,38,15.9,57,23.8,68,28.5,36,15.1,40,16.7,96,22.7,135,32,117,27.7,46,10.9,28,6.6,531,45.1,144,60.3,553,51.6,191,45.3
1718,04,0021,White,Race,50,19.2,87,33.3,52,19.9,50,19.2,22,8.4,74,45.4,36,22.1,46,28.2,5,3.1,2,1.2,18,16.2,21,18.9,31,27.9,19,17.1,22,19.8,18,12.9,46,33.1,46,33.1,17,12.2,12,8.6,124,47.5,72,64.9,53,32.5,75,54
1718,04,0051,White,Race,30,20.1,44,29.5,37,24.8,35,23.5,3,2,25,16.9,29,19.6,52,35.1,30,20.3,12,8.1,*,*,*,*,*,*,*,*,*,*,11,28.9,11,28.9,8,21.1,4,10.5,4,10.5,75,50.3,*,*,94,63.5,16,42.1
1718,04,0081,White,Race,31,22.8,45,33.1,34,25,22,16.2,4,2.9,25,18.5,21,15.6,51,37.8,27,20,11,8.1,*,*,*,*,*,*,*,*,*,*,13,30.2,12,27.9,15,34.9,3,7,0,0,60,44.1,*,*,89,65.9,18,41.9
1718,04,0131,White,Race,4,5.6,27,38,22,31,15,21.1,3,4.2,10,14.3,10,14.3,22,31.4,21,30,7,10,*,*,*,*,*,*,*,*,*,*,1,4.2,10,41.7,6,25,5,20.8,2,8.3,40,56.3,*,*,50,71.4,13,54.2
1718,04,0161,White,Race,5,12.5,13,32.5,14,35,4,10,4,10,11,28.2,10,25.6,7,17.9,9,23.1,2,5.1,*,*,*,*,*,*,*,*,*,*,1,8.3,9,75,2,16.7,0,0,0,0,22,55,*,*,18,46.2,2,16.7
1718,04,0172,White,Race,140,32.4,124,28.7,91,21.1,63,14.6,14,3.2,121,28.1,119,27.7,115,26.7,56,13,19,4.4,20,15.6,36,28.1,37,28.9,17,13.3,18,14.1,46,32.9,39,27.9,31,22.1,15,10.7,9,6.4,168,38.9,72,56.3,190,44.2,55,39.3
1718,04,0181,White,Race,16,21.9,20,27.4,24,32.9,13,17.8,0,0,10,13.9,9,12.5,29,40.3,19,26.4,5,6.9,*,*,*,*,*,*,*,*,*,*,4,19,6,28.6,9,42.9,1,4.8,1,4.8,37,50.7,*,*,53,73.6,11,52.4
1718,04,0000,Total Students,Total,456,27.7,522,31.7,365,22.2,246,14.9,58,3.5,432,28.8,365,24.3,422,28.1,211,14.1,70,4.7,66,19.7,86,25.7,92,27.5,45,13.4,46,13.7,155,25.5,204,33.6,163,26.9,53,8.7,32,5.3,669,40.6,183,54.6,703,46.9,248,40.9
1718,04,0021,Total Students,Total,94,25.7,111,30.3,73,19.9,64,17.5,24,6.6,109,47.4,50,21.7,61,26.5,7,3,3,1.3,32,20.8,34,22.1,43,27.9,20,13,25,16.2,29,14.6,69,34.7,67,33.7,20,10.1,14,7,161,44,88,57.1,71,30.9,101,50.8
1718,04,0051,Total Students,Total,46,21.1,76,34.9,51,23.4,42,19.3,3,1.4,40,18.5,51,23.6,71,32.9,40,18.5,14,6.5,*,*,*,*,*,*,*,*,*,*,21,34.4,19,31.1,12,19.7,5,8.2,4,6.6,96,44,*,*,125,57.9,21,34.4
1718,04,0081,Total Students,Total,57,27.3,70,33.5,52,24.9,26,12.4,4,1.9,41,19.8,54,26.1,63,30.4,37,17.9,12,5.8,*,*,*,*,*,*,*,*,*,*,22,32.8,19,28.4,23,34.3,3,4.5,0,0,82,39.2,*,*,112,54.1,26,38.8
1718,04,0131,Total Students,Total,9,9.3,40,41.2,27,27.8,18,18.6,3,3.1,14,14.6,15,15.6,32,33.3,26,27.1,9,9.4,*,*,*,*,*,*,*,*,*,*,3,8.6,15,42.9,8,22.9,6,17.1,3,8.6,48,49.5,*,*,67,69.8,17,48.6
1718,04,0161,Total Students,Total,6,12.8,13,27.7,19,40.4,4,8.5,5,10.6,13,28.3,11,23.9,10,21.7,10,21.7,2,4.3,*,*,*,*,*,*,*,*,*,*,2,11.8,9,52.9,5,29.4,1,5.9,0,0,28,59.6,*,*,22,47.8,6,35.3
1718,04,0172,Total Students,Total,214,35.3,184,30.4,113,18.6,76,12.5,19,3.1,189,31.3,171,28.4,149,24.7,69,11.4,25,4.1,33,18.3,52,28.9,49,27.2,25,13.9,21,11.7,70,35.4,63,31.8,39,19.7,16,8.1,10,5.1,208,34.3,95,52.8,243,40.3,65,32.8
1718,04,0181,Total Students,Total,19,23.2,23,28,26,31.7,14,17.1,0,0,14,17.3,10,12.3,32,39.5,20,24.7,5,6.2,*,*,*,*,*,*,*,*,*,*,4,18.2,7,31.8,9,40.9,1,4.5,1,4.5,40,48.8,*,*,57,70.4,11,50
1718,04,0000,Students with Disabilities,Subgroups,195,50.5,100,25.9,62,16.1,28,7.3,1,0.3,189,51.5,71,19.3,66,18,36,9.8,5,1.4,24,46.2,14,26.9,10,19.2,4,7.7,0,0,52,39.7,39,29.8,28,21.4,10,7.6,2,1.5,91,23.6,14,26.9,107,29.2,40,30.5
1718,04,0021,Students with Disabilities,Subgroups,34,55.7,13,21.3,9,14.8,5,8.2,0,0,28,58.3,11,22.9,9,18.8,0,0,0,0,13,48.1,3,11.1,7,25.9,4,14.8,0,0,11,23.9,15,32.6,17,37,2,4.3,1,2.2,14,23,11,40.7,9,18.8,20,43.5
1718,04,0051,Students with Disabilities,Subgroups,20,35.7,21,37.5,9,16.1,6,10.7,0,0,23,43.4,10,18.9,15,28.3,4,7.5,1,1.9,*,*,*,*,*,*,*,*,*,*,6,46.2,3,23.1,2,15.4,1,7.7,1,7.7,15,26.8,*,*,20,37.7,4,30.8
1718,04,0081,Students with Disabilities,Subgroups,32,50,17,26.6,12,18.8,3,4.7,0,0,26,41.3,17,27,12,19,8,12.7,0,0,*,*,*,*,*,*,*,*,*,*,9,56.3,6,37.5,1,6.3,0,0,0,0,15,23.4,*,*,20,31.7,1,6.3
1718,04,0131,Students with Disabilities,Subgroups,6,17.6,19,55.9,6,17.6,3,8.8,0,0,10,30.3,6,18.2,9,27.3,5,15.2,3,9.1,*,*,*,*,*,*,*,*,*,*,*,*,*,*,*,*,*,*,*,*,9,26.5,*,*,17,51.5,*,*
1718,04,0161,Students with Disabilities,Subgroups,4,23.5,5,29.4,7,41.2,1,5.9,0,0,9,52.9,3,17.6,4,23.5,1,5.9,0,0,*,*,*,*,*,*,*,*,*,*,*,*,*,*,*,*,*,*,*,*,8,47.1,*,*,5,29.4,*,*
1718,04,0172,Students with Disabilities,Subgroups,84,70.6,22,18.5,4,3.4,8,6.7,1,0.8,79,66.4,21,17.6,9,7.6,10,8.4,0,0,10,41.7,11,45.8,3,12.5,0,0,0,0,18,58.1,7,22.6,2,6.5,4,12.9,0,0,13,10.9,3,12.5,19,16,6,19.4
1718,04,0181,Students with Disabilities,Subgroups,6,25,2,8.3,15,62.5,1,4.2,0,0,5,21.7,1,4.3,8,34.8,8,34.8,1,4.3,*,*,*,*,*,*,*,*,*,*,*,*,*,*,*,*,*,*,*,*,16,66.7,*,*,17,73.9,*,*
1718,04,0000,Native Hawaiian/Other Pacific Islander,Race,*,*,*,*,*,*,*,*,*,*,*,*,*,*,*,*,*,*,*,*,*,*,*,*,*,*,*,*,*,*,*,*,*,*,*,*,*,*,*,*,*,*,*,*,*,*,*,*
1718,04,0021,Native Hawaiian/Other Pacific Islander,Race,*,*,*,*,*,*,*,*,*,*,*,*,*,*,*,*,*,*,*,*,*,*,*,*,*,*,*,*,*,*,*,*,*,*,*,*,*,*,*,*,*,*,*,*,*,*,*,*
1718,04,0172,Native Hawaiian/Other Pacific Islander,Race,*,*,*,*,*,*,*,*,*,*,*,*,*,*,*,*,*,*,*,*,*,*,*,*,*,*,*,*,*,*,*,*,*,*,*,*,*,*,*,*,*,*,*,*,*,*,*,*
1718,04,0181,Native Hawaiian/Other Pacific Islander,Race,*,*,*,*,*,*,*,*,*,*,*,*,*,*,*,*,*,*,*,*,*,*,*,*,*,*,*,*,*,*,*,*,*,*,*,*,*,*,*,*,*,*,*,*,*,*,*,*
1718,04,0000,Multiracial,Race,12,25.5,12,25.5,15,31.9,5,10.6,3,6.4,11,28.2,9,23.1,13,33.3,6,15.4,0,0,*,*,*,*,*,*,*,*,*,*,4,25,6,37.5,4,25,0,0,2,12.5,23,48.9,*,*,19,48.7,6,37.5
1718,04,0021,Multiracial,Race,3,27.3,1,9.1,3,27.3,2,18.2,2,18.2,*,*,*,*,*,*,*,*,*,*,*,*,*,*,*,*,*,*,*,*,*,*,*,*,*,*,*,*,*,*,7,63.6,*,*,*,*,*,*
1718,04,0051,Multiracial,Race,*,*,*,*,*,*,*,*,*,*,*,*,*,*,*,*,*,*,*,*,*,*,*,*,*,*,*,*,*,*,*,*,*,*,*,*,*,*,*,*,*,*,*,*,*,*,*,*
1718,04,0081,Multiracial,Race,*,*,*,*,*,*,*,*,*,*,*,*,*,*,*,*,*,*,*,*,*,*,*,*,*,*,*,*,*,*,*,*,*,*,*,*,*,*,*,*,*,*,*,*,*,*,*,*
1718,04,0131,Multiracial,Race,*,*,*,*,*,*,*,*,*,*,*,*,*,*,*,*,*,*,*,*,*,*,*,*,*,*,*,*,*,*,*,*,*,*,*,*,*,*,*,*,*,*,*,*,*,*,*,*
1718,04,0161,Multiracial,Race,*,*,*,*,*,*,*,*,*,*,*,*,*,*,*,*,*,*,*,*,*,*,*,*,*,*,*,*,*,*,*,*,*,*,*,*,*,*,*,*,*,*,*,*,*,*,*,*
1718,04,0172,Multiracial,Race,8,36.4,7,31.8,4,18.2,2,9.1,1,4.5,8,38.1,5,23.8,5,23.8,3,14.3,0,0,*,*,*,*,*,*,*,*,*,*,*,*,*,*,*,*,*,*,*,*,7,31.8,*,*,8,38.1,*,*
1718,04,0181,Multiracial,Race,*,*,*,*,*,*,*,*,*,*,*,*,*,*,*,*,*,*,*,*,*,*,*,*,*,*,*,*,*,*,*,*,*,*,*,*,*,*,*,*,*,*,*,*,*,*,*,*
1718,04,0000,Military Family Student,Subgroups,*,*,*,*,*,*,*,*,*,*,*,*,*,*,*,*,*,*,*,*,*,*,*,*,*,*,*,*,*,*,*,*,*,*,*,*,*,*,*,*,*,*,*,*,*,*,*,*
1718,04,0021,Military Family Student,Subgroups,*,*,*,*,*,*,*,*,*,*,*,*,*,*,*,*,*,*,*,*,*,*,*,*,*,*,*,*,*,*,*,*,*,*,*,*,*,*,*,*,*,*,*,*,*,*,*,*
1718,04,0181,Military Family Student,Subgroups,*,*,*,*,*,*,*,*,*,*,*,*,*,*,*,*,*,*,*,*,*,*,*,*,*,*,*,*,*,*,*,*,*,*,*,*,*,*,*,*,*,*,*,*,*,*,*,*
1718,04,0000,Migrant,Subgroups,*,*,*,*,*,*,*,*,*,*,*,*,*,*,*,*,*,*,*,*,*,*,*,*,*,*,*,*,*,*,*,*,*,*,*,*,*,*,*,*,*,*,*,*,*,*,*,*
1718,04,0051,Migrant,Subgroups,*,*,*,*,*,*,*,*,*,*,*,*,*,*,*,*,*,*,*,*,*,*,*,*,*,*,*,*,*,*,*,*,*,*,*,*,*,*,*,*,*,*,*,*,*,*,*,*
1718,04,0000,Male,Gender,261,31.1,273,32.5,163,19.4,114,13.6,28,3.3,234,30.4,187,24.3,193,25.1,115,14.9,41,5.3,38,21.8,38,21.8,46,26.4,25,14.4,27,15.5,83,25.7,102,31.6,83,25.7,38,11.8,17,5.3,305,36.4,98,56.3,349,45.3,138,42.7
1718,04,0021,Male,Gender,52,27.2,60,31.4,37,19.4,28,14.7,14,7.3,61,49.2,28,22.6,29,23.4,5,4,1,0.8,19,23.2,15,18.3,22,26.8,11,13.4,15,18.3,20,18,38,34.2,31,27.9,15,13.5,7,6.3,79,41.4,48,58.5,35,28.2,53,47.7
1718,04,0051,Male,Gender,27,27.8,29,29.9,16,16.5,23,23.7,2,2.1,20,20.6,21,21.6,27,27.8,19,19.6,10,10.3,*,*,*,*,*,*,*,*,*,*,8,28.6,6,21.4,7,25,4,14.3,3,10.7,41,42.3,*,*,56,57.7,14,50
1718,04,0081,Male,Gender,34,29.1,40,34.2,30,25.6,11,9.4,2,1.7,22,19,32,27.6,35,30.2,21,18.1,6,5.2,*,*,*,*,*,*,*,*,*,*,14,35.9,12,30.8,12,30.8,1,2.6,0,0,43,36.8,*,*,62,53.4,13,33.3
1718,04,0131,Male,Gender,5,9.6,27,51.9,10,19.2,9,17.3,1,1.9,9,17.3,9,17.3,13,25,15,28.8,6,11.5,*,*,*,*,*,*,*,*,*,*,1,5,8,40,4,20,5,25,2,10,20,38.5,*,*,34,65.4,11,55
1718,04,0161,Male,Gender,4,18.2,7,31.8,5,22.7,2,9.1,4,18.2,5,22.7,4,18.2,4,18.2,8,36.4,1,4.5,*,*,*,*,*,*,*,*,*,*,*,*,*,*,*,*,*,*,*,*,11,50,*,*,13,59.1,*,*
1718,04,0172,Male,Gender,124,40.7,93,30.5,50,16.4,33,10.8,5,1.6,100,32.8,86,28.2,72,23.6,34,11.1,13,4.3,18,19.8,23,25.3,24,26.4,14,15.4,12,13.2,35,35,28,28,22,22,11,11,4,4,88,28.9,50,54.9,119,39,37,37
1718,04,0181,Male,Gender,9,20.5,13,29.5,14,31.8,8,18.2,0,0,9,20.5,6,13.6,13,29.5,12,27.3,4,9.1,*,*,*,*,*,*,*,*,*,*,3,18.8,5,31.3,7,43.8,0,0,1,6.3,22,50,*,*,29,65.9,8,50
1718,04,0000,Homeless,Subgroups,22,44,14,28,9,18,4,8,1,2,17,36.2,16,34,8,17,5,10.6,1,2.1,*,*,*,*,*,*,*,*,*,*,4,26.7,5,33.3,5,33.3,1,6.7,0,0,14,28,*,*,14,29.8,6,40
1718,04,0021,Homeless,Subgroups,*,*,*,*,*,*,*,*,*,*,*,*,*,*,*,*,*,*,*,*,*,*,*,*,*,*,*,*,*,*,*,*,*,*,*,*,*,*,*,*,*,*,*,*,*,*,*,*
1718,04,0051,Homeless,Subgroups,*,*,*,*,*,*,*,*,*,*,*,*,*,*,*,*,*,*,*,*,*,*,*,*,*,*,*,*,*,*,*,*,*,*,*,*,*,*,*,*,*,*,*,*,*,*,*,*
1718,04,0081,Homeless,Subgroups,*,*,*,*,*,*,*,*,*,*,*,*,*,*,*,*,*,*,*,*,*,*,*,*,*,*,*,*,*,*,*,*,*,*,*,*,*,*,*,*,*,*,*,*,*,*,*,*
1718,04,0131,Homeless,Subgroups,*,*,*,*,*,*,*,*,*,*,*,*,*,*,*,*,*,*,*,*,*,*,*,*,*,*,*,*,*,*,*,*,*,*,*,*,*,*,*,*,*,*,*,*,*,*,*,*
1718,04,0161,Homeless,Subgroups,*,*,*,*,*,*,*,*,*,*,*,*,*,*,*,*,*,*,*,*,*,*,*,*,*,*,*,*,*,*,*,*,*,*,*,*,*,*,*,*,*,*,*,*,*,*,*,*
1718,04,0172,Homeless,Subgroups,11,44,9,36,2,8,3,12,0,0,10,41.7,8,33.3,4,16.7,2,8.3,0,0,*,*,*,*,*,*,*,*,*,*,*,*,*,*,*,*,*,*,*,*,5,20,*,*,6,25,*,*
1718,04,0181,Homeless,Subgroups,*,*,*,*,*,*,*,*,*,*,*,*,*,*,*,*,*,*,*,*,*,*,*,*,*,*,*,*,*,*,*,*,*,*,*,*,*,*,*,*,*,*,*,*,*,*,*,*
1718,04,0000,Hispanic,Race,11,24.4,13,28.9,11,24.4,9,20,1,2.2,15,38.5,8,20.5,10,25.6,4,10.3,2,5.1,4,26.7,1,6.7,7,46.7,2,13.3,1,6.7,6,27.3,8,36.4,7,31.8,1,4.5,0,0,21,46.7,10,66.7,16,41,8,36.4
1718,04,0021,Hispanic,Race,2,16.7,3,25,3,25,4,33.3,0,0,*,*,*,*,*,*,*,*,*,*,*,*,*,*,*,*,*,*,*,*,*,*,*,*,*,*,*,*,*,*,7,58.3,*,*,*,*,*,*
1718,04,0051,Hispanic,Race,*,*,*,*,*,*,*,*,*,*,*,*,*,*,*,*,*,*,*,*,*,*,*,*,*,*,*,*,*,*,*,*,*,*,*,*,*,*,*,*,*,*,*,*,*,*,*,*
1718,04,0081,Hispanic,Race,*,*,*,*,*,*,*,*,*,*,*,*,*,*,*,*,*,*,*,*,*,*,*,*,*,*,*,*,*,*,*,*,*,*,*,*,*,*,*,*,*,*,*,*,*,*,*,*
1718,04,0161,Hispanic,Race,*,*,*,*,*,*,*,*,*,*,*,*,*,*,*,*,*,*,*,*,*,*,*,*,*,*,*,*,*,*,*,*,*,*,*,*,*,*,*,*,*,*,*,*,*,*,*,*
1718,04,0172,Hispanic,Race,5,26.3,7,36.8,5,26.3,2,10.5,0,0,6,31.6,5,26.3,5,26.3,2,10.5,1,5.3,3,27.3,1,9.1,5,45.5,2,18.2,0,0,3,27.3,6,54.5,2,18.2,0,0,0,0,7,36.8,7,63.6,8,42.1,2,18.2
1718,04,0000,Foster,Subgroups,6,23.1,9,34.6,7,26.9,3,11.5,1,3.8,6,23.1,11,42.3,5,19.2,3,11.5,1,3.8,*,*,*,*,*,*,*,*,*,*,*,*,*,*,*,*,*,*,*,*,11,42.3,*,*,9,34.6,*,*
1718,04,0021,Foster,Subgroups,*,*,*,*,*,*,*,*,*,*,*,*,*,*,*,*,*,*,*,*,*,*,*,*,*,*,*,*,*,*,*,*,*,*,*,*,*,*,*,*,*,*,*,*,*,*,*,*
1718,04,0051,Foster,Subgroups,*,*,*,*,*,*,*,*,*,*,*,*,*,*,*,*,*,*,*,*,*,*,*,*,*,*,*,*,*,*,*,*,*,*,*,*,*,*,*,*,*,*,*,*,*,*,*,*
1718,04,0081,Foster,Subgroups,*,*,*,*,*,*,*,*,*,*,*,*,*,*,*,*,*,*,*,*,*,*,*,*,*,*,*,*,*,*,*,*,*,*,*,*,*,*,*,*,*,*,*,*,*,*,*,*
1718,04,0131,Foster,Subgroups,*,*,*,*,*,*,*,*,*,*,*,*,*,*,*,*,*,*,*,*,*,*,*,*,*,*,*,*,*,*,*,*,*,*,*,*,*,*,*,*,*,*,*,*,*,*,*,*
1718,04,0161,Foster,Subgroups,*,*,*,*,*,*,*,*,*,*,*,*,*,*,*,*,*,*,*,*,*,*,*,*,*,*,*,*,*,*,*,*,*,*,*,*,*,*,*,*,*,*,*,*,*,*,*,*
1718,04,0172,Foster,Subgroups,*,*,*,*,*,*,*,*,*,*,*,*,*,*,*,*,*,*,*,*,*,*,*,*,*,*,*,*,*,*,*,*,*,*,*,*,*,*,*,*,*,*,*,*,*,*,*,*
1718,04,0181,Foster,Subgroups,*,*,*,*,*,*,*,*,*,*,*,*,*,*,*,*,*,*,*,*,*,*,*,*,*,*,*,*,*,*,*,*,*,*,*,*,*,*,*,*,*,*,*,*,*,*,*,*
1718,04,0000,Female,Gender,195,24.1,249,30.8,202,25,132,16.3,30,3.7,198,27.1,178,24.4,229,31.4,96,13.2,29,4,28,17.4,48,29.8,46,28.6,20,12.4,19,11.8,72,25.4,102,35.9,80,28.2,15,5.3,15,5.3,364,45,85,52.8,354,48.5,110,38.7
1718,04,0021,Female,Gender,42,24,51,29.1,36,20.6,36,20.6,10,5.7,48,45.3,22,20.8,32,30.2,2,1.9,2,1.9,13,18.1,19,26.4,21,29.2,9,12.5,10,13.9,9,10.2,31,35.2,36,40.9,5,5.7,7,8,82,46.9,40,55.6,36,34,48,54.5
1718,04,0051,Female,Gender,19,15.7,47,38.8,35,28.9,19,15.7,1,0.8,20,16.8,30,25.2,44,37,21,17.6,4,3.4,*,*,*,*,*,*,*,*,*,*,13,39.4,13,39.4,5,15.2,1,3,1,3,55,45.5,*,*,69,58,7,21.2
1718,04,0081,Female,Gender,23,25,30,32.6,22,23.9,15,16.3,2,2.2,19,20.9,22,24.2,28,30.8,16,17.6,6,6.6,*,*,*,*,*,*,*,*,*,*,8,28.6,7,25,11,39.3,2,7.1,0,0,39,42.4,*,*,50,54.9,13,46.4
1718,04,0131,Female,Gender,4,8.9,13,28.9,17,37.8,9,20,2,4.4,5,11.4,6,13.6,19,43.2,11,25,3,6.8,*,*,*,*,*,*,*,*,*,*,2,13.3,7,46.7,4,26.7,1,6.7,1,6.7,28,62.2,*,*,33,75,6,40
1718,04,0161,Female,Gender,2,8,6,24,14,56,2,8,1,4,8,33.3,7,29.2,6,25,2,8.3,1,4.2,*,*,*,*,*,*,*,*,*,*,2,18.2,4,36.4,5,45.5,0,0,0,0,17,68,*,*,9,37.5,5,45.5
1718,04,0172,Female,Gender,90,29.9,91,30.2,63,20.9,43,14.3,14,4.7,89,29.9,85,28.5,77,25.8,35,11.7,12,4,15,16.9,29,32.6,25,28.1,11,12.4,9,10.1,35,35.7,35,35.7,17,17.3,5,5.1,6,6.1,120,39.9,45,50.6,124,41.6,28,28.6
1718,04,0181,Female,Gender,10,26.3,10,26.3,12,31.6,6,15.8,0,0,5,13.5,4,10.8,19,51.4,8,21.6,1,2.7,*,*,*,*,*,*,*,*,*,*,*,*,*,*,*,*,*,*,*,*,18,47.4,*,*,28,75.7,*,*
1718,04,0000,English Language Learners,Subgroups,*,*,*,*,*,*,*,*,*,*,*,*,*,*,*,*,*,*,*,*,*,*,*,*,*,*,*,*,*,*,*,*,*,*,*,*,*,*,*,*,*,*,*,*,*,*,*,*
1718,04,0051,English Language Learners,Subgroups,*,*,*,*,*,*,*,*,*,*,*,*,*,*,*,*,*,*,*,*,*,*,*,*,*,*,*,*,*,*,*,*,*,*,*,*,*,*,*,*,*,*,*,*,*,*,*,*
1718,04,0081,English Language Learners,Subgroups,*,*,*,*,*,*,*,*,*,*,*,*,*,*,*,*,*,*,*,*,*,*,*,*,*,*,*,*,*,*,*,*,*,*,*,*,*,*,*,*,*,*,*,*,*,*,*,*
1718,04,0172,English Language Learners,Subgroups,*,*,*,*,*,*,*,*,*,*,*,*,*,*,*,*,*,*,*,*,*,*,*,*,*,*,*,*,*,*,*,*,*,*,*,*,*,*,*,*,*,*,*,*,*,*,*,*
1718,04,0000,Economically Disadvantaged,Subgroups,397,31.3,414,32.6,283,22.3,153,12.1,22,1.7,358,30.7,299,25.6,329,28.2,143,12.2,39,3.3,48,20.3,66,27.8,66,27.8,26,11,31,13.1,133,28.8,164,35.5,118,25.5,29,6.3,18,3.9,458,36.1,123,51.9,511,43.8,165,35.7
1718,04,0021,Economically Disadvantaged,Subgroups,80,31,80,31,51,19.8,39,15.1,8,3.1,81,48.2,39,23.2,42,25,5,3,1,0.6,22,21,26,24.8,29,27.6,11,10.5,17,16.2,25,17.2,52,35.9,50,34.5,10,6.9,8,5.5,98,38,57,54.3,48,28.6,68,46.9
1718,04,0051,Economically Disadvantaged,Subgroups,41,23.8,63,36.6,39,22.7,27,15.7,2,1.2,37,21.8,41,24.1,57,33.5,27,15.9,8,4.7,*,*,*,*,*,*,*,*,*,*,20,40.8,15,30.6,9,18.4,2,4.1,3,6.1,68,39.5,*,*,92,54.1,14,28.6
1718,04,0081,Economically Disadvantaged,Subgroups,53,29.4,61,33.9,44,24.4,20,11.1,2,1.1,37,20.8,48,27,55,30.9,29,16.3,9,5.1,*,*,*,*,*,*,*,*,*,*,21,36.8,18,31.6,16,28.1,2,3.5,0,0,66,36.7,*,*,93,52.2,18,31.6
1718,04,0131,Economically Disadvantaged,Subgroups,8,11.1,31,43.1,25,34.7,7,9.7,1,1.4,11,15.5,12,16.9,26,36.6,18,25.4,4,5.6,*,*,*,*,*,*,*,*,*,*,3,11.5,13,50,6,23.1,3,11.5,1,3.8,33,45.8,*,*,48,67.6,10,38.5
1718,04,0161,Economically Disadvantaged,Subgroups,5,16.1,9,29,12,38.7,2,6.5,3,9.7,10,33.3,7,23.3,8,26.7,4,13.3,1,3.3,*,*,*,*,*,*,*,*,*,*,1,8.3,6,50,4,33.3,1,8.3,0,0,17,54.8,*,*,13,43.3,5,41.7
1718,04,0172,Economically Disadvantaged,Subgroups,183,39.2,149,31.9,83,17.8,46,9.9,6,1.3,159,34.3,141,30.4,111,23.9,42,9.1,11,2.4,25,19.1,40,30.5,37,28.2,15,11.5,14,10.7,55,37.4,50,34,27,18.4,10,6.8,5,3.4,135,28.9,66,50.4,164,35.3,42,28.6
1718,04,0181,Economically Disadvantaged,Subgroups,16,23.5,17,25,25,36.8,10,14.7,0,0,11,16.4,8,11.9,26,38.8,17,25.4,5,7.5,*,*,*,*,*,*,*,*,*,*,4,21.1,7,36.8,6,31.6,1,5.3,1,5.3,35,51.5,*,*,48,71.6,8,42.1
1718,04,0000,Black/African American,Race,149,41.5,128,35.7,58,16.2,21,5.8,3,0.8,120,36.1,107,32.2,69,20.8,31,9.3,5,1.5,21,28.4,27,36.5,16,21.6,5,6.8,5,6.8,47,34.1,51,37,34,24.6,6,4.3,0,0,82,22.8,26,35.1,105,31.6,40,29
1718,04,0021,Black/African American,Race,38,49.4,19,24.7,15,19.5,5,6.5,0,0,26,50,13,25,12,23.1,1,1.9,0,0,11,29.7,13,35.1,10,27,1,2.7,2,5.4,10,20.8,20,41.7,15,31.3,3,6.3,0,0,20,26,13,35.1,13,25,18,37.5
1718,04,0051,Black/African American,Race,13,26,26,52,7,14,4,8,0,0,13,26,17,34,12,24,7,14,1,2,*,*,*,*,*,*,*,*,*,*,8,44.4,5,27.8,4,22.2,1,5.6,0,0,11,22,*,*,20,40,5,27.8
1718,04,0081,Black/African American,Race,24,36.9,23,35.4,14,21.5,4,6.2,0,0,15,23.4,28,43.8,10,15.6,10,15.6,1,1.6,*,*,*,*,*,*,*,*,*,*,7,38.9,5,27.8,6,33.3,0,0,0,0,18,27.7,*,*,21,32.8,6,33.3
1718,04,0131,Black/African American,Race,5,20.8,12,50,5,20.8,2,8.3,0,0,4,16.7,5,20.8,9,37.5,5,20.8,1,4.2,*,*,*,*,*,*,*,*,*,*,*,*,*,*,*,*,*,*,*,*,7,29.2,*,*,15,62.5,*,*
1718,04,0161,Black/African American,Race,*,*,*,*,*,*,*,*,*,*,*,*,*,*,*,*,*,*,*,*,*,*,*,*,*,*,*,*,*,*,*,*,*,*,*,*,*,*,*,*,*,*,*,*,*,*,*,*
1718,04,0172,Black/African American,Race,61,47.7,46,35.9,12,9.4,6,4.7,3,2.3,54,42.2,42,32.8,22,17.2,8,6.3,2,1.6,9,25,14,38.9,6,16.7,4,11.1,3,8.3,18,45,15,37.5,6,15,1,2.5,0,0,21,16.4,13,36.1,32,25,7,17.5
1718,04,0181,Black/African American,Race,*,*,*,*,*,*,*,*,*,*,*,*,*,*,*,*,*,*,*,*,*,*,*,*,*,*,*,*,*,*,*,*,*,*,*,*,*,*,*,*,*,*,*,*,*,*,*,*
1718,04,0000,Asian,Race,*,*,*,*,*,*,*,*,*,*,*,*,*,*,*,*,*,*,*,*,*,*,*,*,*,*,*,*,*,*,*,*,*,*,*,*,*,*,*,*,*,*,*,*,*,*,*,*
1718,04,0021,Asian,Race,*,*,*,*,*,*,*,*,*,*,*,*,*,*,*,*,*,*,*,*,*,*,*,*,*,*,*,*,*,*,*,*,*,*,*,*,*,*,*,*,*,*,*,*,*,*,*,*
1718,04,0051,Asian,Race,*,*,*,*,*,*,*,*,*,*,*,*,*,*,*,*,*,*,*,*,*,*,*,*,*,*,*,*,*,*,*,*,*,*,*,*,*,*,*,*,*,*,*,*,*,*,*,*
1718,04,0081,Asian,Race,*,*,*,*,*,*,*,*,*,*,*,*,*,*,*,*,*,*,*,*,*,*,*,*,*,*,*,*,*,*,*,*,*,*,*,*,*,*,*,*,*,*,*,*,*,*,*,*
1718,04,0172,Asian,Race,*,*,*,*,*,*,*,*,*,*,*,*,*,*,*,*,*,*,*,*,*,*,*,*,*,*,*,*,*,*,*,*,*,*,*,*,*,*,*,*,*,*,*,*,*,*,*,*
1718,04,0000,American Indian/Alaskan Native,Race,*,*,*,*,*,*,*,*,*,*,*,*,*,*,*,*,*,*,*,*,*,*,*,*,*,*,*,*,*,*,*,*,*,*,*,*,*,*,*,*,*,*,*,*,*,*,*,*
1718,04,0021,American Indian/Alaskan Native,Race,*,*,*,*,*,*,*,*,*,*,*,*,*,*,*,*,*,*,*,*,*,*,*,*,*,*,*,*,*,*,*,*,*,*,*,*,*,*,*,*,*,*,*,*,*,*,*,*
1718,04,0051,American Indian/Alaskan Native,Race,*,*,*,*,*,*,*,*,*,*,*,*,*,*,*,*,*,*,*,*,*,*,*,*,*,*,*,*,*,*,*,*,*,*,*,*,*,*,*,*,*,*,*,*,*,*,*,*
1718,04,0131,American Indian/Alaskan Native,Race,*,*,*,*,*,*,*,*,*,*,*,*,*,*,*,*,*,*,*,*,*,*,*,*,*,*,*,*,*,*,*,*,*,*,*,*,*,*,*,*,*,*,*,*,*,*,*,*
1718,04,0172,American Indian/Alaskan Native,Race,*,*,*,*,*,*,*,*,*,*,*,*,*,*,*,*,*,*,*,*,*,*,*,*,*,*,*,*,*,*,*,*,*,*,*,*,*,*,*,*,*,*,*,*,*,*,*,*
1718,04,0081,American Indian/Alaskan Native,Race,*,*,*,*,*,*,*,*,*,*,*,*,*,*,*,*,*,*,*,*,*,*,*,*,*,*,*,*,*,*,*,*,*,*,*,*,*,*,*,*,*,*,*,*,*,*,*,*
1718,04,0161,American Indian/Alaskan Native,Race,*,*,*,*,*,*,*,*,*,*,*,*,*,*,*,*,*,*,*,*,*,*,*,*,*,*,*,*,*,*,*,*,*,*,*,*,*,*,*,*,*,*,*,*,*,*,*,*
1718,04,0181,American Indian/Alaskan Native,Race,*,*,*,*,*,*,*,*,*,*,*,*,*,*,*,*,*,*,*,*,*,*,*,*,*,*,*,*,*,*,*,*,*,*,*,*,*,*,*,*,*,*,*,*,*,*,*,*
1718,04,0131,Asian,Race,*,*,*,*,*,*,*,*,*,*,*,*,*,*,*,*,*,*,*,*,*,*,*,*,*,*,*,*,*,*,*,*,*,*,*,*,*,*,*,*,*,*,*,*,*,*,*,*
1718,04,0161,Asian,Race,*,*,*,*,*,*,*,*,*,*,*,*,*,*,*,*,*,*,*,*,*,*,*,*,*,*,*,*,*,*,*,*,*,*,*,*,*,*,*,*,*,*,*,*,*,*,*,*
1718,04,0181,Asian,Race,*,*,*,*,*,*,*,*,*,*,*,*,*,*,*,*,*,*,*,*,*,*,*,*,*,*,*,*,*,*,*,*,*,*,*,*,*,*,*,*,*,*,*,*,*,*,*,*
1718,04,0021,English Language Learners,Subgroups,*,*,*,*,*,*,*,*,*,*,*,*,*,*,*,*,*,*,*,*,*,*,*,*,*,*,*,*,*,*,*,*,*,*,*,*,*,*,*,*,*,*,*,*,*,*,*,*
1718,04,0131,English Language Learners,Subgroups,*,*,*,*,*,*,*,*,*,*,*,*,*,*,*,*,*,*,*,*,*,*,*,*,*,*,*,*,*,*,*,*,*,*,*,*,*,*,*,*,*,*,*,*,*,*,*,*
1718,04,0161,English Language Learners,Subgroups,*,*,*,*,*,*,*,*,*,*,*,*,*,*,*,*,*,*,*,*,*,*,*,*,*,*,*,*,*,*,*,*,*,*,*,*,*,*,*,*,*,*,*,*,*,*,*,*
1718,04,0181,English Language Learners,Subgroups,*,*,*,*,*,*,*,*,*,*,*,*,*,*,*,*,*,*,*,*,*,*,*,*,*,*,*,*,*,*,*,*,*,*,*,*,*,*,*,*,*,*,*,*,*,*,*,*
1718,04,0131,Hispanic,Race,*,*,*,*,*,*,*,*,*,*,*,*,*,*,*,*,*,*,*,*,*,*,*,*,*,*,*,*,*,*,*,*,*,*,*,*,*,*,*,*,*,*,*,*,*,*,*,*
1718,04,0181,Hispanic,Race,*,*,*,*,*,*,*,*,*,*,*,*,*,*,*,*,*,*,*,*,*,*,*,*,*,*,*,*,*,*,*,*,*,*,*,*,*,*,*,*,*,*,*,*,*,*,*,*
1718,04,0021,Migrant,Subgroups,*,*,*,*,*,*,*,*,*,*,*,*,*,*,*,*,*,*,*,*,*,*,*,*,*,*,*,*,*,*,*,*,*,*,*,*,*,*,*,*,*,*,*,*,*,*,*,*
1718,04,0081,Migrant,Subgroups,*,*,*,*,*,*,*,*,*,*,*,*,*,*,*,*,*,*,*,*,*,*,*,*,*,*,*,*,*,*,*,*,*,*,*,*,*,*,*,*,*,*,*,*,*,*,*,*
1718,04,0131,Migrant,Subgroups,*,*,*,*,*,*,*,*,*,*,*,*,*,*,*,*,*,*,*,*,*,*,*,*,*,*,*,*,*,*,*,*,*,*,*,*,*,*,*,*,*,*,*,*,*,*,*,*
1718,04,0161,Migrant,Subgroups,*,*,*,*,*,*,*,*,*,*,*,*,*,*,*,*,*,*,*,*,*,*,*,*,*,*,*,*,*,*,*,*,*,*,*,*,*,*,*,*,*,*,*,*,*,*,*,*
1718,04,0172,Migrant,Subgroups,*,*,*,*,*,*,*,*,*,*,*,*,*,*,*,*,*,*,*,*,*,*,*,*,*,*,*,*,*,*,*,*,*,*,*,*,*,*,*,*,*,*,*,*,*,*,*,*
1718,04,0181,Migrant,Subgroups,*,*,*,*,*,*,*,*,*,*,*,*,*,*,*,*,*,*,*,*,*,*,*,*,*,*,*,*,*,*,*,*,*,*,*,*,*,*,*,*,*,*,*,*,*,*,*,*
1718,04,0051,Military Family Student,Subgroups,*,*,*,*,*,*,*,*,*,*,*,*,*,*,*,*,*,*,*,*,*,*,*,*,*,*,*,*,*,*,*,*,*,*,*,*,*,*,*,*,*,*,*,*,*,*,*,*
1718,04,0081,Military Family Student,Subgroups,*,*,*,*,*,*,*,*,*,*,*,*,*,*,*,*,*,*,*,*,*,*,*,*,*,*,*,*,*,*,*,*,*,*,*,*,*,*,*,*,*,*,*,*,*,*,*,*
1718,04,0131,Military Family Student,Subgroups,*,*,*,*,*,*,*,*,*,*,*,*,*,*,*,*,*,*,*,*,*,*,*,*,*,*,*,*,*,*,*,*,*,*,*,*,*,*,*,*,*,*,*,*,*,*,*,*
1718,04,0161,Military Family Student,Subgroups,*,*,*,*,*,*,*,*,*,*,*,*,*,*,*,*,*,*,*,*,*,*,*,*,*,*,*,*,*,*,*,*,*,*,*,*,*,*,*,*,*,*,*,*,*,*,*,*
1718,04,0172,Military Family Student,Subgroups,*,*,*,*,*,*,*,*,*,*,*,*,*,*,*,*,*,*,*,*,*,*,*,*,*,*,*,*,*,*,*,*,*,*,*,*,*,*,*,*,*,*,*,*,*,*,*,*
1718,04,0051,Native Hawaiian/Other Pacific Islander,Race,*,*,*,*,*,*,*,*,*,*,*,*,*,*,*,*,*,*,*,*,*,*,*,*,*,*,*,*,*,*,*,*,*,*,*,*,*,*,*,*,*,*,*,*,*,*,*,*
1718,04,0081,Native Hawaiian/Other Pacific Islander,Race,*,*,*,*,*,*,*,*,*,*,*,*,*,*,*,*,*,*,*,*,*,*,*,*,*,*,*,*,*,*,*,*,*,*,*,*,*,*,*,*,*,*,*,*,*,*,*,*
1718,04,0131,Native Hawaiian/Other Pacific Islander,Race,*,*,*,*,*,*,*,*,*,*,*,*,*,*,*,*,*,*,*,*,*,*,*,*,*,*,*,*,*,*,*,*,*,*,*,*,*,*,*,*,*,*,*,*,*,*,*,*
1718,04,0161,Native Hawaiian/Other Pacific Islander,Race,*,*,*,*,*,*,*,*,*,*,*,*,*,*,*,*,*,*,*,*,*,*,*,*,*,*,*,*,*,*,*,*,*,*,*,*,*,*,*,*,*,*,*,*,*,*,*,*
1819,00,0000,White,Race,80138,13,122131,19.8,163434,26.6,165295,26.9,84310,13.7,83246,14.7,86662,15.3,161779,28.6,135599,24,97549,17.3,10682,7.3,17234,11.8,35232,24.2,35219,24.2,47401,32.5,22129,9.6,47344,20.6,72019,31.3,39996,17.4,48446,21.1,413039,67.1,117852,80.8,394927,69.9,160461,69.8
1819,00,0000,Total Students,Total,322309,19.9,373357,23.1,408080,25.2,351694,21.7,163033,10.1,337907,22.4,271035,18,410674,27.3,295787,19.6,190802,12.7,44802,11.8,60321,15.9,98205,25.9,81687,21.6,93507,24.7,99208,16.7,151279,25.5,173615,29.2,81608,13.7,88221,14.9,922807,57,273399,72.2,897263,59.6,343444,57.8
1819,00,0000,Students with Disabilities,Subgroups,112532,47.9,60589,25.8,39115,16.7,18829,8,3652,1.6,106787,46.9,47205,20.7,44310,19.5,22555,9.9,6826,3,14541,30.2,12547,26.1,11735,24.4,6005,12.5,3266,6.8,33182,40.7,25005,30.7,15302,18.8,5497,6.7,2574,3.2,61596,26.2,21006,43.7,73691,32.4,23373,28.7
1819,00,0000,Native Hawaiian/Other Pacific Islander,Race,518,18.1,628,22,741,25.9,687,24,285,10,513,19.3,460,17.3,744,27.9,575,21.6,371,13.9,64,10,112,17.6,147,23.1,151,23.7,163,25.6,147,14.2,269,26,314,30.3,149,14.4,156,15.1,1713,59.9,461,72.4,1690,63.5,619,59.8
1819,00,0000,Multiracial,Race,9573,16.5,12927,22.2,15205,26.1,13803,23.7,6666,11.5,10614,19.7,9780,18.1,15048,27.9,11022,20.4,7517,13.9,1189,9.5,1760,14.1,3314,26.5,2853,22.8,3398,27.2,2807,13.6,4953,24,6255,30.3,3153,15.2,3508,17,35674,61.3,9565,76.4,33587,62.2,12916,62.5
1819,00,0000,Military Family Student,Subgroups,2660,11.1,4715,19.8,6618,27.7,6713,28.1,3165,13.3,2702,12.1,3308,14.8,6554,29.4,5785,26,3931,17.6,327,5.9,562,10.1,1332,24,1468,26.4,1864,33.6,722,8.5,1637,19.2,2704,31.7,1593,18.7,1883,22.1,16496,69.1,4664,84,16270,73,6180,72.4
1819,00,0000,Migrant,Subgroups,2909,34.9,2636,31.6,1834,22,790,9.5,160,1.9,2493,31,1850,23,2157,26.8,1147,14.3,393,4.9,392,21.4,441,24,531,29,306,16.7,164,8.9,828,28.8,1021,35.5,710,24.7,202,7,118,4.1,2784,33.4,1001,54.6,3697,46,1030,35.8
1819,00,0000,Male,Gender,198552,24.1,195220,23.7,200663,24.3,162682,19.7,67839,8.2,182102,23.7,133116,17.3,202574,26.3,150205,19.5,101137,13.1,24519,12.8,28975,15.1,46511,24.3,40627,21.2,50820,26.5,55533,18.4,73800,24.4,83900,27.8,41562,13.8,47304,15.7,431184,52.3,137958,72.1,453916,59,172766,57.2
1819,00,0000,Homeless,Subgroups,10163,34.2,8179,27.5,6632,22.3,3709,12.5,1039,3.5,10591,37.4,6160,21.7,6893,24.3,3527,12.4,1184,4.2,1242,20.9,1343,22.6,1657,27.9,996,16.8,694,11.7,2984,30.1,3010,30.4,2494,25.2,844,8.5,584,5.9,11380,38.3,3347,56.4,11604,40.9,3922,39.6
1819,00,0000,Hispanic,Race,114848,21.2,131362,24.3,138381,25.6,110574,20.4,46100,8.5,119864,23.5,96986,19.1,141387,27.8,96163,18.9,54590,10.7,16600,13.2,21483,17.1,33713,26.8,26353,21,27444,21.9,36598,18.6,54645,27.7,58081,29.5,24724,12.5,23037,11.7,295055,54.5,87510,69.7,292140,57.4,105842,53.7
1819,00,0000,Female,Gender,123757,15.6,178137,22.4,207417,26.1,189012,23.8,95194,12,155805,21.1,137919,18.7,208100,28.2,145582,19.8,89665,12.2,20283,10.8,31346,16.8,51694,27.6,41060,21.9,42687,22.8,43675,15,77479,26.5,89715,30.7,40046,13.7,40917,14,491623,62,135441,72.4,443347,60.1,170678,58.5
1819,00,0000,English Language Learners,Subgroups,78412,33.1,65846,27.8,53771,22.7,30130,12.7,8457,3.6,71749,31,48160,20.8,57717,24.9,36522,15.8,17594,7.6,10328,25.4,10049,24.7,10848,26.6,5710,14,3783,9.3,24593,30.6,25659,31.9,18952,23.6,6509,8.1,4650,5.8,92358,39,20341,50,111833,48.3,30111,37.5
1819,00,0000,Economically Disadvantaged,Subgroups,249657,26.4,253728,26.8,233794,24.7,157421,16.7,50835,5.4,258127,28.8,187237,20.9,243117,27.2,142663,15.9,63928,7.1,33830,16.1,41947,20,59432,28.3,40971,19.5,33835,16.1,76733,22.7,101716,30.1,94627,28,36248,10.7,28230,8.4,442050,46.8,134238,63.9,449708,50.2,159105,47.1
1819,00,0000,Black/African American,Race,113086,32.3,99319,28.3,78990,22.5,46081,13.1,13017,3.7,120075,36.2,73097,22,82377,24.8,41199,12.4,14994,4.5,15660,19.2,18676,22.8,23381,28.6,14282,17.5,9764,11.9,36348,28.8,41333,32.7,31966,25.3,10075,8,6624,5.2,138088,39.4,47427,58,138570,41.8,48665,38.5
1819,00,0000,Asian,Race,3194,7,5876,12.8,10195,22.2,14383,31.3,12292,26.8,2613,6.6,3269,8.2,8196,20.5,10485,26.3,15324,38.4,476,4.3,871,7.8,2102,18.9,2574,23.1,5110,45.9,899,5.2,2297,13.3,4492,26.1,3307,19.2,6248,36.2,36870,80.3,9786,87.9,34005,85.3,14047,81.5
1819,00,0000,American Indian/Alaskan Native,Race,952,21.5,1114,25.1,1134,25.6,871,19.6,363,8.2,982,23.9,781,19,1143,27.8,744,18.1,457,11.1,131,11.8,185,16.6,316,28.4,255,22.9,227,20.4,280,17.4,438,27.2,488,30.3,204,12.7,202,12.5,2368,53.4,798,71.6,2344,57.1,894,55.5
1819,00,0000,Foster,Subgroups,*,*,*,*,*,*,*,*,*,*,*,*,*,*,*,*,*,*,*,*,*,*,*,*,*,*,*,*,*,*,*,*,*,*,*,*,*,*,*,*,*,*,*,*,*,*,*,*
1819,04,0000,White,Race,243,21,335,29,316,27.4,199,17.2,62,5.4,212,20.5,209,20.3,343,33.2,211,20.4,57,5.5,32,13.4,45,18.9,63,26.5,55,23.1,43,18.1,62,15.6,124,31.2,142,35.7,43,10.8,27,6.8,577,50,161,67.6,611,59.2,212,53.3
1819,04,0021,White,Race,64,24.7,82,31.7,67,25.9,32,12.4,14,5.4,34,23.4,29,20,59,40.7,19,13.1,4,2.8,9,8,19,17,31,27.7,27,24.1,26,23.2,7,6.1,25,21.7,58,50.4,10,8.7,15,13,113,43.6,84,75,82,56.6,83,72.2
1819,04,0051,White,Race,11,8.1,38,27.9,53,39,30,22.1,4,2.9,24,17.8,20,14.8,44,32.6,39,28.9,8,5.9,*,*,*,*,*,*,*,*,*,*,7,14.6,19,39.6,17,35.4,3,6.3,2,4.2,87,64,*,*,91,67.4,22,45.8
1819,04,0081,White,Race,25,18.8,39,29.3,42,31.6,19,14.3,8,6,35,26.5,29,22,43,32.6,16,12.1,9,6.8,*,*,*,*,*,*,*,*,*,*,11,25,16,36.4,11,25,5,11.4,1,2.3,69,51.9,*,*,68,51.5,17,38.6
1819,04,0131,White,Race,6,8.3,17,23.6,22,30.6,20,27.8,7,9.7,10,13.9,11,15.3,22,30.6,24,33.3,5,6.9,*,*,*,*,*,*,*,*,*,*,2,11.1,4,22.2,8,44.4,2,11.1,2,11.1,49,68.1,*,*,51,70.8,12,66.7
1819,04,0161,White,Race,7,16.7,12,28.6,12,28.6,8,19,3,7.1,6,14.3,16,38.1,6,14.3,10,23.8,4,9.5,*,*,*,*,*,*,*,*,*,*,2,13.3,6,40,4,26.7,2,13.3,1,6.7,23,54.8,*,*,20,47.6,7,46.7
1819,04,0172,White,Race,107,25.1,125,29.3,93,21.8,79,18.5,23,5.4,87,20.8,81,19.3,138,32.9,90,21.5,23,5.5,23,18.3,26,20.6,32,25.4,28,22.2,17,13.5,27,20.1,46,34.3,38,28.4,19,14.2,4,3,195,45.7,77,61.1,251,59.9,61,45.5
1819,04,0181,White,Race,21,28,18,24,23,30.7,10,13.3,3,4,14,18.7,18,24,26,34.7,13,17.3,4,5.3,*,*,*,*,*,*,*,*,*,*,5,23.8,7,33.3,5,23.8,2,9.5,2,9.5,36,48,*,*,43,57.3,9,42.9
1819,04,0000,Total Students,Total,391,24.4,485,30.3,405,25.3,250,15.6,70,4.4,347,24.1,331,23,437,30.3,262,18.2,65,4.5,51,14.9,68,19.9,93,27.2,77,22.5,53,15.5,123,22.8,171,31.7,166,30.8,50,9.3,29,5.4,725,45.3,223,65.2,764,53,245,45.5
1819,04,0021,Total Students,Total,104,29.7,110,31.4,79,22.6,42,12,15,4.3,62,31,43,21.5,69,34.5,22,11,4,2,16,9.8,29,17.7,48,29.3,40,24.4,31,18.9,17,11.3,40,26.7,65,43.3,12,8,16,10.7,136,38.9,119,72.6,95,47.5,93,62
1819,04,0051,Total Students,Total,21,10.4,64,31.8,73,36.3,37,18.4,6,3,36,17.9,46,22.9,58,28.9,50,24.9,11,5.5,*,*,*,*,*,*,*,*,*,*,17,24.3,24,34.3,22,31.4,5,7.1,2,2.9,116,57.7,*,*,119,59.2,29,41.4
1819,04,0081,Total Students,Total,51,23.8,68,31.8,60,28,26,12.1,9,4.2,70,32.9,50,23.5,59,27.7,24,11.3,10,4.7,*,*,*,*,*,*,*,*,*,*,25,39.7,18,28.6,14,22.2,5,7.9,1,1.6,95,44.4,*,*,93,43.7,20,31.7
1819,04,0131,Total Students,Total,8,9.1,25,28.4,26,29.5,22,25,7,8,11,12.5,14,15.9,26,29.5,32,36.4,5,5.7,*,*,*,*,*,*,*,*,*,*,6,25,5,20.8,9,37.5,2,8.3,2,8.3,55,62.5,*,*,63,71.6,13,54.2
1819,04,0161,Total Students,Total,7,15.6,13,28.9,13,28.9,9,20,3,6.7,8,17.8,17,37.8,6,13.3,10,22.2,4,8.9,*,*,*,*,*,*,*,*,*,*,2,13.3,6,40,4,26.7,2,13.3,1,6.7,25,55.6,*,*,20,44.4,7,46.7
1819,04,0172,Total Students,Total,172,28.5,177,29.3,126,20.9,102,16.9,27,4.5,139,23.3,135,22.7,184,30.9,111,18.6,27,4.5,35,19.7,39,21.9,45,25.3,37,20.8,22,12.4,47,24.9,69,36.5,46,24.3,22,11.6,5,2.6,255,42.2,104,58.4,322,54,73,38.6
1819,04,0181,Total Students,Total,24,28.9,21,25.3,24,28.9,11,13.3,3,3.6,16,19.3,20,24.1,30,36.1,13,15.7,4,4.8,*,*,*,*,*,*,*,*,*,*,6,26.1,8,34.8,5,21.7,2,8.7,2,8.7,38,45.8,*,*,47,56.6,9,39.1
1819,04,0000,Students with Disabilities,Subgroups,174,47.9,94,25.9,69,19,23,6.3,3,0.8,156,44.4,82,23.4,69,19.7,43,12.3,1,0.3,21,33.3,17,27,12,19,9,14.3,4,6.3,52,43,39,32.2,24,19.8,6,5,0,0,95,26.2,25,39.7,113,32.2,30,24.8
1819,04,0021,Students with Disabilities,Subgroups,35,68.6,7,13.7,8,15.7,1,2,0,0,22,59.5,9,24.3,6,16.2,0,0,0,0,6,20.7,7,24.1,8,27.6,6,20.7,2,6.9,9,36,9,36,6,24,1,4,0,0,9,17.6,16,55.2,6,16.2,7,28
1819,04,0051,Students with Disabilities,Subgroups,15,30,15,30,15,30,5,10,0,0,19,38,10,20,11,22,10,20,0,0,*,*,*,*,*,*,*,*,*,*,5,33.3,6,40,3,20,1,6.7,0,0,20,40,*,*,21,42,4,26.7
1819,04,0081,Students with Disabilities,Subgroups,24,39.3,18,29.5,17,27.9,2,3.3,0,0,28,46.7,12,20,14,23.3,6,10,0,0,*,*,*,*,*,*,*,*,*,*,10,50,5,25,4,20,1,5,0,0,19,31.1,*,*,20,33.3,5,25
1819,04,0131,Students with Disabilities,Subgroups,6,19.4,9,29,9,29,4,12.9,3,9.7,6,19.4,6,19.4,12,38.7,6,19.4,1,3.2,*,*,*,*,*,*,*,*,*,*,*,*,*,*,*,*,*,*,*,*,16,51.6,*,*,19,61.3,*,*
1819,04,0161,Students with Disabilities,Subgroups,6,42.9,4,28.6,3,21.4,1,7.1,0,0,5,35.7,7,50,1,7.1,1,7.1,0,0,*,*,*,*,*,*,*,*,*,*,*,*,*,*,*,*,*,*,*,*,4,28.6,*,*,2,14.3,*,*
1819,04,0172,Students with Disabilities,Subgroups,80,62,32,24.8,7,5.4,10,7.8,0,0,69,52.7,31,23.7,15,11.5,16,12.2,0,0,15,44.1,10,29.4,4,11.8,3,8.8,2,5.9,19,52.8,11,30.6,3,8.3,3,8.3,0,0,17,13.2,9,26.5,31,23.7,6,16.7
1819,04,0181,Students with Disabilities,Subgroups,7,30.4,7,30.4,9,39.1,0,0,0,0,4,17.4,5,21.7,10,43.5,4,17.4,0,0,*,*,*,*,*,*,*,*,*,*,*,*,*,*,*,*,*,*,*,*,9,39.1,*,*,14,60.9,*,*
1819,04,0000,Native Hawaiian/Other Pacific Islander,Race,*,*,*,*,*,*,*,*,*,*,*,*,*,*,*,*,*,*,*,*,*,*,*,*,*,*,*,*,*,*,*,*,*,*,*,*,*,*,*,*,*,*,*,*,*,*,*,*
1819,04,0051,Native Hawaiian/Other Pacific Islander,Race,*,*,*,*,*,*,*,*,*,*,*,*,*,*,*,*,*,*,*,*,*,*,*,*,*,*,*,*,*,*,*,*,*,*,*,*,*,*,*,*,*,*,*,*,*,*,*,*
1819,04,0161,Native Hawaiian/Other Pacific Islander,Race,*,*,*,*,*,*,*,*,*,*,*,*,*,*,*,*,*,*,*,*,*,*,*,*,*,*,*,*,*,*,*,*,*,*,*,*,*,*,*,*,*,*,*,*,*,*,*,*
1819,04,0172,Native Hawaiian/Other Pacific Islander,Race,*,*,*,*,*,*,*,*,*,*,*,*,*,*,*,*,*,*,*,*,*,*,*,*,*,*,*,*,*,*,*,*,*,*,*,*,*,*,*,*,*,*,*,*,*,*,*,*
1819,04,0000,Multiracial,Race,11,23.9,16,34.8,10,21.7,8,17.4,1,2.2,12,29.3,11,26.8,11,26.8,7,17.1,0,0,1,6.7,3,20,3,20,3,20,5,33.3,4,26.7,4,26.7,5,33.3,1,6.7,1,6.7,19,41.3,11,73.3,18,43.9,7,46.7
1819,04,0021,Multiracial,Race,3,30,2,20,0,0,4,40,1,10,*,*,*,*,*,*,*,*,*,*,*,*,*,*,*,*,*,*,*,*,*,*,*,*,*,*,*,*,*,*,5,50,*,*,*,*,*,*
1819,04,0051,Multiracial,Race,*,*,*,*,*,*,*,*,*,*,*,*,*,*,*,*,*,*,*,*,*,*,*,*,*,*,*,*,*,*,*,*,*,*,*,*,*,*,*,*,*,*,*,*,*,*,*,*
1819,04,0081,Multiracial,Race,*,*,*,*,*,*,*,*,*,*,*,*,*,*,*,*,*,*,*,*,*,*,*,*,*,*,*,*,*,*,*,*,*,*,*,*,*,*,*,*,*,*,*,*,*,*,*,*
1819,04,0172,Multiracial,Race,6,27.3,8,36.4,5,22.7,3,13.6,0,0,7,35,6,30,3,15,4,20,0,0,*,*,*,*,*,*,*,*,*,*,*,*,*,*,*,*,*,*,*,*,8,36.4,*,*,7,35,*,*
1819,04,0181,Multiracial,Race,*,*,*,*,*,*,*,*,*,*,*,*,*,*,*,*,*,*,*,*,*,*,*,*,*,*,*,*,*,*,*,*,*,*,*,*,*,*,*,*,*,*,*,*,*,*,*,*
1819,04,0000,Military Family Student,Subgroups,*,*,*,*,*,*,*,*,*,*,*,*,*,*,*,*,*,*,*,*,*,*,*,*,*,*,*,*,*,*,*,*,*,*,*,*,*,*,*,*,*,*,*,*,*,*,*,*
1819,04,0131,Military Family Student,Subgroups,*,*,*,*,*,*,*,*,*,*,*,*,*,*,*,*,*,*,*,*,*,*,*,*,*,*,*,*,*,*,*,*,*,*,*,*,*,*,*,*,*,*,*,*,*,*,*,*
1819,04,0181,Military Family Student,Subgroups,*,*,*,*,*,*,*,*,*,*,*,*,*,*,*,*,*,*,*,*,*,*,*,*,*,*,*,*,*,*,*,*,*,*,*,*,*,*,*,*,*,*,*,*,*,*,*,*
1819,04,0000,Migrant,Subgroups,*,*,*,*,*,*,*,*,*,*,*,*,*,*,*,*,*,*,*,*,*,*,*,*,*,*,*,*,*,*,*,*,*,*,*,*,*,*,*,*,*,*,*,*,*,*,*,*
1819,04,0051,Migrant,Subgroups,*,*,*,*,*,*,*,*,*,*,*,*,*,*,*,*,*,*,*,*,*,*,*,*,*,*,*,*,*,*,*,*,*,*,*,*,*,*,*,*,*,*,*,*,*,*,*,*
1819,04,0000,Male,Gender,217,27.3,236,29.7,194,24.4,116,14.6,32,4,174,24.2,159,22.1,205,28.6,143,19.9,37,5.2,35,19.8,34,19.2,41,23.2,38,21.5,29,16.4,62,23.1,86,32.1,78,29.1,29,10.8,13,4.9,342,43,108,61,385,53.6,120,44.8
1819,04,0021,Male,Gender,51,30.2,56,33.1,39,23.1,18,10.7,5,3,29,29.9,21,21.6,32,33,11,11.3,4,4.1,8,9.4,16,18.8,22,25.9,19,22.4,20,23.5,5,6.8,20,27.4,34,46.6,7,9.6,7,9.6,62,36.7,61,71.8,47,48.5,48,65.8
1819,04,0051,Male,Gender,12,12.8,27,28.7,31,33,21,22.3,3,3.2,16,17,21,22.3,25,26.6,28,29.8,4,4.3,*,*,*,*,*,*,*,*,*,*,6,22.2,12,44.4,6,22.2,2,7.4,1,3.7,55,58.5,*,*,57,60.6,9,33.3
1819,04,0081,Male,Gender,26,23.6,37,33.6,32,29.1,13,11.8,2,1.8,31,28.4,30,27.5,29,26.6,13,11.9,6,5.5,*,*,*,*,*,*,*,*,*,*,13,38.2,11,32.4,6,17.6,4,11.8,0,0,47,42.7,*,*,48,44,10,29.4
1819,04,0131,Male,Gender,5,12.2,13,31.7,10,24.4,8,19.5,5,12.2,7,17.1,5,12.2,13,31.7,14,34.1,2,4.9,*,*,*,*,*,*,*,*,*,*,4,28.6,2,14.3,6,42.9,1,7.1,1,7.1,23,56.1,*,*,29,70.7,8,57.1
1819,04,0161,Male,Gender,4,14.8,8,29.6,9,33.3,3,11.1,3,11.1,5,18.5,9,33.3,3,11.1,7,25.9,3,11.1,*,*,*,*,*,*,*,*,*,*,*,*,*,*,*,*,*,*,*,*,15,55.6,*,*,13,48.1,*,*
1819,04,0172,Male,Gender,108,35.5,80,26.3,57,18.8,47,15.5,12,3.9,78,26.1,60,20.1,83,27.8,64,21.4,14,4.7,27,29.3,18,19.6,19,20.7,19,20.7,9,9.8,30,30.9,33,34,20,20.6,13,13.4,1,1,116,38.2,47,51.1,161,53.8,34,35.1
1819,04,0181,Male,Gender,10,22.2,12,26.7,15,33.3,6,13.3,2,4.4,6,13.3,10,22.2,19,42.2,6,13.3,4,8.9,*,*,*,*,*,*,*,*,*,*,1,7.7,6,46.2,3,23.1,1,7.7,2,15.4,23,51.1,*,*,29,64.4,6,46.2
1819,04,0000,Homeless,Subgroups,21,36.8,15,26.3,14,24.6,6,10.5,1,1.8,16,29.6,17,31.5,12,22.2,8,14.8,1,1.9,3,18.8,4,25,6,37.5,3,18.8,0,0,5,22.7,6,27.3,9,40.9,2,9.1,0,0,21,36.8,9,56.3,21,38.9,11,50
1819,04,0021,Homeless,Subgroups,*,*,*,*,*,*,*,*,*,*,*,*,*,*,*,*,*,*,*,*,*,*,*,*,*,*,*,*,*,*,*,*,*,*,*,*,*,*,*,*,*,*,*,*,*,*,*,*
1819,04,0051,Homeless,Subgroups,*,*,*,*,*,*,*,*,*,*,*,*,*,*,*,*,*,*,*,*,*,*,*,*,*,*,*,*,*,*,*,*,*,*,*,*,*,*,*,*,*,*,*,*,*,*,*,*
1819,04,0081,Homeless,Subgroups,3,30,4,40,1,10,1,10,1,10,6,60,1,10,1,10,1,10,1,10,*,*,*,*,*,*,*,*,*,*,*,*,*,*,*,*,*,*,*,*,3,30,*,*,3,30,*,*
1819,04,0131,Homeless,Subgroups,*,*,*,*,*,*,*,*,*,*,*,*,*,*,*,*,*,*,*,*,*,*,*,*,*,*,*,*,*,*,*,*,*,*,*,*,*,*,*,*,*,*,*,*,*,*,*,*
1819,04,0161,Homeless,Subgroups,*,*,*,*,*,*,*,*,*,*,*,*,*,*,*,*,*,*,*,*,*,*,*,*,*,*,*,*,*,*,*,*,*,*,*,*,*,*,*,*,*,*,*,*,*,*,*,*
1819,04,0172,Homeless,Subgroups,13,59.1,4,18.2,2,9.1,3,13.6,0,0,6,27.3,9,40.9,4,18.2,3,13.6,0,0,*,*,*,*,*,*,*,*,*,*,*,*,*,*,*,*,*,*,*,*,5,22.7,*,*,7,31.8,*,*
1819,04,0181,Homeless,Subgroups,*,*,*,*,*,*,*,*,*,*,*,*,*,*,*,*,*,*,*,*,*,*,*,*,*,*,*,*,*,*,*,*,*,*,*,*,*,*,*,*,*,*,*,*,*,*,*,*
1819,04,0000,Hispanic,Race,10,27,9,24.3,7,18.9,10,27,1,2.7,4,14.8,11,40.7,6,22.2,4,14.8,2,7.4,1,10,0,0,3,30,5,50,1,10,0,0,5,45.5,5,45.5,1,9.1,0,0,18,48.6,9,90,12,44.4,6,54.5
1819,04,0021,Hispanic,Race,4,26.7,5,33.3,3,20,3,20,0,0,*,*,*,*,*,*,*,*,*,*,*,*,*,*,*,*,*,*,*,*,*,*,*,*,*,*,*,*,*,*,6,40,*,*,*,*,*,*
1819,04,0051,Hispanic,Race,*,*,*,*,*,*,*,*,*,*,1,10,4,40,1,10,2,20,2,20,*,*,*,*,*,*,*,*,*,*,*,*,*,*,*,*,*,*,*,*,*,*,*,*,5,50,*,*
1819,04,0081,Hispanic,Race,*,*,*,*,*,*,*,*,*,*,*,*,*,*,*,*,*,*,*,*,*,*,*,*,*,*,*,*,*,*,*,*,*,*,*,*,*,*,*,*,*,*,*,*,*,*,*,*
1819,04,0172,Hispanic,Race,4,33.3,3,25,1,8.3,4,33.3,0,0,1,8.3,6,50,4,33.3,1,8.3,0,0,*,*,*,*,*,*,*,*,*,*,*,*,*,*,*,*,*,*,*,*,5,41.7,*,*,5,41.7,*,*
1819,04,0181,Hispanic,Race,*,*,*,*,*,*,*,*,*,*,*,*,*,*,*,*,*,*,*,*,*,*,*,*,*,*,*,*,*,*,*,*,*,*,*,*,*,*,*,*,*,*,*,*,*,*,*,*
1819,04,0000,Female,Gender,174,21.6,249,30.9,211,26.2,134,16.6,38,4.7,173,23.9,172,23.8,232,32,119,16.4,28,3.9,16,9.7,34,20.6,52,31.5,39,23.6,24,14.5,61,22.5,85,31.4,88,32.5,21,7.7,16,5.9,383,47.5,115,69.7,379,52.3,125,46.1
1819,04,0021,Female,Gender,53,29.3,54,29.8,40,22.1,24,13.3,10,5.5,33,32,22,21.4,37,35.9,11,10.7,0,0,8,10.1,13,16.5,26,32.9,21,26.6,11,13.9,12,15.6,20,26,31,40.3,5,6.5,9,11.7,74,40.9,58,73.4,48,46.6,45,58.4
1819,04,0051,Female,Gender,9,8.4,37,34.6,42,39.3,16,15,3,2.8,20,18.7,25,23.4,33,30.8,22,20.6,7,6.5,*,*,*,*,*,*,*,*,*,*,11,25.6,12,27.9,16,37.2,3,7,1,2.3,61,57,*,*,62,57.9,20,46.5
1819,04,0081,Female,Gender,25,24,31,29.8,28,26.9,13,12.5,7,6.7,39,37.5,20,19.2,30,28.8,11,10.6,4,3.8,*,*,*,*,*,*,*,*,*,*,12,41.4,7,24.1,8,27.6,1,3.4,1,3.4,48,46.2,*,*,45,43.3,10,34.5
1819,04,0131,Female,Gender,3,6.4,12,25.5,16,34,14,29.8,2,4.3,4,8.5,9,19.1,13,27.7,18,38.3,3,6.4,*,*,*,*,*,*,*,*,*,*,2,20,3,30,3,30,1,10,1,10,32,68.1,*,*,34,72.3,5,50
1819,04,0161,Female,Gender,3,16.7,5,27.8,4,22.2,6,33.3,0,0,3,16.7,8,44.4,3,16.7,3,16.7,1,5.6,*,*,*,*,*,*,*,*,*,*,*,*,*,*,*,*,*,*,*,*,10,55.6,*,*,7,38.9,*,*
1819,04,0172,Female,Gender,64,21.3,97,32.3,69,23,55,18.3,15,5,61,20.5,75,25.3,101,34,47,15.8,13,4.4,8,9.3,21,24.4,26,30.2,18,20.9,13,15.1,17,18.5,36,39.1,26,28.3,9,9.8,4,4.3,139,46.3,57,66.3,161,54.2,39,42.4
1819,04,0181,Female,Gender,14,36.8,9,23.7,9,23.7,5,13.2,1,2.6,10,26.3,10,26.3,11,28.9,7,18.4,0,0,*,*,*,*,*,*,*,*,*,*,5,50,2,20,2,20,1,10,0,0,15,39.5,*,*,18,47.4,3,30
1819,04,0000,English Language Learners,Subgroups,*,*,*,*,*,*,*,*,*,*,*,*,*,*,*,*,*,*,*,*,*,*,*,*,*,*,*,*,*,*,*,*,*,*,*,*,*,*,*,*,*,*,*,*,*,*,*,*
1819,04,0051,English Language Learners,Subgroups,*,*,*,*,*,*,*,*,*,*,*,*,*,*,*,*,*,*,*,*,*,*,*,*,*,*,*,*,*,*,*,*,*,*,*,*,*,*,*,*,*,*,*,*,*,*,*,*
1819,04,0081,English Language Learners,Subgroups,*,*,*,*,*,*,*,*,*,*,*,*,*,*,*,*,*,*,*,*,*,*,*,*,*,*,*,*,*,*,*,*,*,*,*,*,*,*,*,*,*,*,*,*,*,*,*,*
1819,04,0181,English Language Learners,Subgroups,*,*,*,*,*,*,*,*,*,*,*,*,*,*,*,*,*,*,*,*,*,*,*,*,*,*,*,*,*,*,*,*,*,*,*,*,*,*,*,*,*,*,*,*,*,*,*,*
1819,04,0000,Economically Disadvantaged,Subgroups,278,29.6,299,31.8,231,24.6,111,11.8,20,2.1,255,29.8,222,25.9,250,29.2,111,13,19,2.2,35,20.3,39,22.7,50,29.1,35,20.3,13,7.6,91,29.9,110,36.2,75,24.7,20,6.6,8,2.6,362,38.6,98,57,380,44.3,103,33.9
1819,04,0021,Economically Disadvantaged,Subgroups,63,34.4,63,34.4,38,20.8,18,9.8,1,0.5,41,38,21,19.4,38,35.2,7,6.5,1,0.9,12,16.2,12,16.2,23,31.1,18,24.3,9,12.2,11,13.3,31,37.3,29,34.9,7,8.4,5,6,57,31.1,50,67.6,46,42.6,41,49.4
1819,04,0051,Economically Disadvantaged,Subgroups,12,10.8,40,36,44,39.6,14,12.6,1,0.9,22,20,29,26.4,39,35.5,18,16.4,2,1.8,*,*,*,*,*,*,*,*,*,*,10,31.3,11,34.4,10,31.3,0,0,1,3.1,59,53.2,*,*,59,53.6,11,34.4
1819,04,0081,Economically Disadvantaged,Subgroups,45,28.5,52,32.9,40,25.3,18,11.4,3,1.9,59,37.6,39,24.8,41,26.1,12,7.6,6,3.8,*,*,*,*,*,*,*,*,*,*,22,46.8,13,27.7,9,19.1,3,6.4,0,0,61,38.6,*,*,59,37.6,12,25.5
1819,04,0131,Economically Disadvantaged,Subgroups,5,11.1,14,31.1,15,33.3,9,20,2,4.4,8,17.8,8,17.8,12,26.7,17,37.8,0,0,*,*,*,*,*,*,*,*,*,*,3,27.3,2,18.2,6,54.5,0,0,0,0,26,57.8,*,*,29,64.4,6,54.5
1819,04,0161,Economically Disadvantaged,Subgroups,6,24,9,36,5,20,5,20,0,0,7,28,11,44,4,16,3,12,0,0,*,*,*,*,*,*,*,*,*,*,*,*,*,*,*,*,*,*,*,*,10,40,*,*,7,28,*,*
1819,04,0172,Economically Disadvantaged,Subgroups,126,36,103,29.4,72,20.6,39,11.1,10,2.9,103,29.8,94,27.2,97,28,46,13.3,6,1.7,23,23.5,27,27.6,27,27.6,17,17.3,4,4.1,38,35.8,43,40.6,17,16,8,7.5,0,0,121,34.6,48,49,149,43.1,25,23.6
1819,04,0181,Economically Disadvantaged,Subgroups,17,32.1,13,24.5,13,24.5,7,13.2,3,5.7,11,20.8,14,26.4,16,30.2,8,15.1,4,7.5,*,*,*,*,*,*,*,*,*,*,4,28.6,5,35.7,2,14.3,1,7.1,2,14.3,23,43.4,*,*,28,52.8,5,35.7
1819,04,0000,Black/African American,Race,125,36.4,116,33.8,66,19.2,33,9.6,3,0.9,118,36.5,94,29.1,72,22.3,37,11.5,2,0.6,16,21.3,20,26.7,23,30.7,13,17.3,3,4,56,50.5,36,32.4,14,12.6,5,4.5,0,0,102,29.7,39,52,111,34.4,19,17.1
1819,04,0021,Black/African American,Race,32,50,21,32.8,8,12.5,3,4.7,0,0,24,55.8,10,23.3,8,18.6,1,2.3,0,0,6,16.7,10,27.8,12,33.3,7,19.4,1,2.8,10,35.7,12,42.9,4,14.3,2,7.1,0,0,11,17.2,20,55.6,9,20.9,6,21.4
1819,04,0051,Black/African American,Race,8,17.4,20,43.5,12,26.1,5,10.9,1,2.2,11,23.9,18,39.1,9,19.6,7,15.2,1,2.2,*,*,*,*,*,*,*,*,*,*,10,58.8,4,23.5,2,11.8,1,5.9,0,0,18,39.1,*,*,17,37,3,17.6
1819,04,0081,Black/African American,Race,26,34.2,25,32.9,18,23.7,6,7.9,1,1.3,33,43.4,20,26.3,15,19.7,7,9.2,1,1.3,*,*,*,*,*,*,*,*,*,*,14,77.8,2,11.1,2,11.1,0,0,0,0,25,32.9,*,*,23,30.3,2,11.1
1819,04,0131,Black/African American,Race,2,13.3,7,46.7,4,26.7,2,13.3,0,0,1,6.7,3,20,3,20,8,53.3,0,0,*,*,*,*,*,*,*,*,*,*,*,*,*,*,*,*,*,*,*,*,6,40,*,*,11,73.3,*,*
1819,04,0161,Black/African American,Race,*,*,*,*,*,*,*,*,*,*,*,*,*,*,*,*,*,*,*,*,*,*,*,*,*,*,*,*,*,*,*,*,*,*,*,*,*,*,*,*,*,*,*,*,*,*,*,*
1819,04,0172,Black/African American,Race,54,40.9,38,28.8,23,17.4,16,12.1,1,0.8,44,32.8,40,29.9,36,26.9,14,10.4,0,0,10,25.6,10,25.6,11,28.2,6,15.4,2,5.1,17,41.5,17,41.5,5,12.2,2,4.9,0,0,40,30.3,19,48.7,50,37.3,7,17.1
1819,04,0181,Black/African American,Race,*,*,*,*,*,*,*,*,*,*,*,*,*,*,*,*,*,*,*,*,*,*,*,*,*,*,*,*,*,*,*,*,*,*,*,*,*,*,*,*,*,*,*,*,*,*,*,*
1819,04,0000,Asian,Race,*,*,*,*,*,*,*,*,*,*,*,*,*,*,*,*,*,*,*,*,*,*,*,*,*,*,*,*,*,*,*,*,*,*,*,*,*,*,*,*,*,*,*,*,*,*,*,*
1819,04,0021,Asian,Race,*,*,*,*,*,*,*,*,*,*,*,*,*,*,*,*,*,*,*,*,*,*,*,*,*,*,*,*,*,*,*,*,*,*,*,*,*,*,*,*,*,*,*,*,*,*,*,*
1819,04,0051,Asian,Race,*,*,*,*,*,*,*,*,*,*,*,*,*,*,*,*,*,*,*,*,*,*,*,*,*,*,*,*,*,*,*,*,*,*,*,*,*,*,*,*,*,*,*,*,*,*,*,*
1819,04,0081,Asian,Race,*,*,*,*,*,*,*,*,*,*,*,*,*,*,*,*,*,*,*,*,*,*,*,*,*,*,*,*,*,*,*,*,*,*,*,*,*,*,*,*,*,*,*,*,*,*,*,*
1819,04,0172,Asian,Race,*,*,*,*,*,*,*,*,*,*,*,*,*,*,*,*,*,*,*,*,*,*,*,*,*,*,*,*,*,*,*,*,*,*,*,*,*,*,*,*,*,*,*,*,*,*,*,*
1819,04,0000,American Indian/Alaskan Native,Race,*,*,*,*,*,*,*,*,*,*,*,*,*,*,*,*,*,*,*,*,*,*,*,*,*,*,*,*,*,*,*,*,*,*,*,*,*,*,*,*,*,*,*,*,*,*,*,*
1819,04,0021,American Indian/Alaskan Native,Race,*,*,*,*,*,*,*,*,*,*,*,*,*,*,*,*,*,*,*,*,*,*,*,*,*,*,*,*,*,*,*,*,*,*,*,*,*,*,*,*,*,*,*,*,*,*,*,*
1819,04,0051,American Indian/Alaskan Native,Race,*,*,*,*,*,*,*,*,*,*,*,*,*,*,*,*,*,*,*,*,*,*,*,*,*,*,*,*,*,*,*,*,*,*,*,*,*,*,*,*,*,*,*,*,*,*,*,*
1819,04,0131,American Indian/Alaskan Native,Race,*,*,*,*,*,*,*,*,*,*,*,*,*,*,*,*,*,*,*,*,*,*,*,*,*,*,*,*,*,*,*,*,*,*,*,*,*,*,*,*,*,*,*,*,*,*,*,*
1819,04,0172,American Indian/Alaskan Native,Race,*,*,*,*,*,*,*,*,*,*,*,*,*,*,*,*,*,*,*,*,*,*,*,*,*,*,*,*,*,*,*,*,*,*,*,*,*,*,*,*,*,*,*,*,*,*,*,*
1819,04,0081,American Indian/Alaskan Native,Race,*,*,*,*,*,*,*,*,*,*,*,*,*,*,*,*,*,*,*,*,*,*,*,*,*,*,*,*,*,*,*,*,*,*,*,*,*,*,*,*,*,*,*,*,*,*,*,*
1819,04,0161,American Indian/Alaskan Native,Race,*,*,*,*,*,*,*,*,*,*,*,*,*,*,*,*,*,*,*,*,*,*,*,*,*,*,*,*,*,*,*,*,*,*,*,*,*,*,*,*,*,*,*,*,*,*,*,*
1819,04,0181,American Indian/Alaskan Native,Race,*,*,*,*,*,*,*,*,*,*,*,*,*,*,*,*,*,*,*,*,*,*,*,*,*,*,*,*,*,*,*,*,*,*,*,*,*,*,*,*,*,*,*,*,*,*,*,*
1819,04,0131,Asian,Race,*,*,*,*,*,*,*,*,*,*,*,*,*,*,*,*,*,*,*,*,*,*,*,*,*,*,*,*,*,*,*,*,*,*,*,*,*,*,*,*,*,*,*,*,*,*,*,*
1819,04,0161,Asian,Race,*,*,*,*,*,*,*,*,*,*,*,*,*,*,*,*,*,*,*,*,*,*,*,*,*,*,*,*,*,*,*,*,*,*,*,*,*,*,*,*,*,*,*,*,*,*,*,*
1819,04,0181,Asian,Race,*,*,*,*,*,*,*,*,*,*,*,*,*,*,*,*,*,*,*,*,*,*,*,*,*,*,*,*,*,*,*,*,*,*,*,*,*,*,*,*,*,*,*,*,*,*,*,*
1819,04,0131,Hispanic,Race,*,*,*,*,*,*,*,*,*,*,*,*,*,*,*,*,*,*,*,*,*,*,*,*,*,*,*,*,*,*,*,*,*,*,*,*,*,*,*,*,*,*,*,*,*,*,*,*
1819,04,0161,Hispanic,Race,*,*,*,*,*,*,*,*,*,*,*,*,*,*,*,*,*,*,*,*,*,*,*,*,*,*,*,*,*,*,*,*,*,*,*,*,*,*,*,*,*,*,*,*,*,*,*,*
1819,04,0131,Multiracial,Race,*,*,*,*,*,*,*,*,*,*,*,*,*,*,*,*,*,*,*,*,*,*,*,*,*,*,*,*,*,*,*,*,*,*,*,*,*,*,*,*,*,*,*,*,*,*,*,*
1819,04,0161,Multiracial,Race,*,*,*,*,*,*,*,*,*,*,*,*,*,*,*,*,*,*,*,*,*,*,*,*,*,*,*,*,*,*,*,*,*,*,*,*,*,*,*,*,*,*,*,*,*,*,*,*
1819,04,0021,Native Hawaiian/Other Pacific Islander,Race,*,*,*,*,*,*,*,*,*,*,*,*,*,*,*,*,*,*,*,*,*,*,*,*,*,*,*,*,*,*,*,*,*,*,*,*,*,*,*,*,*,*,*,*,*,*,*,*
1819,04,0081,Native Hawaiian/Other Pacific Islander,Race,*,*,*,*,*,*,*,*,*,*,*,*,*,*,*,*,*,*,*,*,*,*,*,*,*,*,*,*,*,*,*,*,*,*,*,*,*,*,*,*,*,*,*,*,*,*,*,*
1819,04,0131,Native Hawaiian/Other Pacific Islander,Race,*,*,*,*,*,*,*,*,*,*,*,*,*,*,*,*,*,*,*,*,*,*,*,*,*,*,*,*,*,*,*,*,*,*,*,*,*,*,*,*,*,*,*,*,*,*,*,*
1819,04,0181,Native Hawaiian/Other Pacific Islander,Race,*,*,*,*,*,*,*,*,*,*,*,*,*,*,*,*,*,*,*,*,*,*,*,*,*,*,*,*,*,*,*,*,*,*,*,*,*,*,*,*,*,*,*,*,*,*,*,*
1819,04,0021,English Language Learners,Subgroups,*,*,*,*,*,*,*,*,*,*,*,*,*,*,*,*,*,*,*,*,*,*,*,*,*,*,*,*,*,*,*,*,*,*,*,*,*,*,*,*,*,*,*,*,*,*,*,*
1819,04,0131,English Language Learners,Subgroups,*,*,*,*,*,*,*,*,*,*,*,*,*,*,*,*,*,*,*,*,*,*,*,*,*,*,*,*,*,*,*,*,*,*,*,*,*,*,*,*,*,*,*,*,*,*,*,*
1819,04,0161,English Language Learners,Subgroups,*,*,*,*,*,*,*,*,*,*,*,*,*,*,*,*,*,*,*,*,*,*,*,*,*,*,*,*,*,*,*,*,*,*,*,*,*,*,*,*,*,*,*,*,*,*,*,*
1819,04,0172,English Language Learners,Subgroups,*,*,*,*,*,*,*,*,*,*,*,*,*,*,*,*,*,*,*,*,*,*,*,*,*,*,*,*,*,*,*,*,*,*,*,*,*,*,*,*,*,*,*,*,*,*,*,*
1819,04,0000,Foster,Subgroups,*,*,*,*,*,*,*,*,*,*,*,*,*,*,*,*,*,*,*,*,*,*,*,*,*,*,*,*,*,*,*,*,*,*,*,*,*,*,*,*,*,*,*,*,*,*,*,*
1819,04,0021,Foster,Subgroups,*,*,*,*,*,*,*,*,*,*,*,*,*,*,*,*,*,*,*,*,*,*,*,*,*,*,*,*,*,*,*,*,*,*,*,*,*,*,*,*,*,*,*,*,*,*,*,*
1819,04,0051,Foster,Subgroups,*,*,*,*,*,*,*,*,*,*,*,*,*,*,*,*,*,*,*,*,*,*,*,*,*,*,*,*,*,*,*,*,*,*,*,*,*,*,*,*,*,*,*,*,*,*,*,*
1819,04,0081,Foster,Subgroups,*,*,*,*,*,*,*,*,*,*,*,*,*,*,*,*,*,*,*,*,*,*,*,*,*,*,*,*,*,*,*,*,*,*,*,*,*,*,*,*,*,*,*,*,*,*,*,*
1819,04,0131,Foster,Subgroups,*,*,*,*,*,*,*,*,*,*,*,*,*,*,*,*,*,*,*,*,*,*,*,*,*,*,*,*,*,*,*,*,*,*,*,*,*,*,*,*,*,*,*,*,*,*,*,*
1819,04,0161,Foster,Subgroups,*,*,*,*,*,*,*,*,*,*,*,*,*,*,*,*,*,*,*,*,*,*,*,*,*,*,*,*,*,*,*,*,*,*,*,*,*,*,*,*,*,*,*,*,*,*,*,*
1819,04,0172,Foster,Subgroups,*,*,*,*,*,*,*,*,*,*,*,*,*,*,*,*,*,*,*,*,*,*,*,*,*,*,*,*,*,*,*,*,*,*,*,*,*,*,*,*,*,*,*,*,*,*,*,*
1819,04,0181,Foster,Subgroups,*,*,*,*,*,*,*,*,*,*,*,*,*,*,*,*,*,*,*,*,*,*,*,*,*,*,*,*,*,*,*,*,*,*,*,*,*,*,*,*,*,*,*,*,*,*,*,*
1819,04,0021,Migrant,Subgroups,*,*,*,*,*,*,*,*,*,*,*,*,*,*,*,*,*,*,*,*,*,*,*,*,*,*,*,*,*,*,*,*,*,*,*,*,*,*,*,*,*,*,*,*,*,*,*,*
1819,04,0081,Migrant,Subgroups,*,*,*,*,*,*,*,*,*,*,*,*,*,*,*,*,*,*,*,*,*,*,*,*,*,*,*,*,*,*,*,*,*,*,*,*,*,*,*,*,*,*,*,*,*,*,*,*
1819,04,0131,Migrant,Subgroups,*,*,*,*,*,*,*,*,*,*,*,*,*,*,*,*,*,*,*,*,*,*,*,*,*,*,*,*,*,*,*,*,*,*,*,*,*,*,*,*,*,*,*,*,*,*,*,*
1819,04,0161,Migrant,Subgroups,*,*,*,*,*,*,*,*,*,*,*,*,*,*,*,*,*,*,*,*,*,*,*,*,*,*,*,*,*,*,*,*,*,*,*,*,*,*,*,*,*,*,*,*,*,*,*,*
1819,04,0172,Migrant,Subgroups,*,*,*,*,*,*,*,*,*,*,*,*,*,*,*,*,*,*,*,*,*,*,*,*,*,*,*,*,*,*,*,*,*,*,*,*,*,*,*,*,*,*,*,*,*,*,*,*
1819,04,0181,Migrant,Subgroups,*,*,*,*,*,*,*,*,*,*,*,*,*,*,*,*,*,*,*,*,*,*,*,*,*,*,*,*,*,*,*,*,*,*,*,*,*,*,*,*,*,*,*,*,*,*,*,*
1819,04,0021,Military Family Student,Subgroups,*,*,*,*,*,*,*,*,*,*,*,*,*,*,*,*,*,*,*,*,*,*,*,*,*,*,*,*,*,*,*,*,*,*,*,*,*,*,*,*,*,*,*,*,*,*,*,*
1819,04,0051,Military Family Student,Subgroups,*,*,*,*,*,*,*,*,*,*,*,*,*,*,*,*,*,*,*,*,*,*,*,*,*,*,*,*,*,*,*,*,*,*,*,*,*,*,*,*,*,*,*,*,*,*,*,*
1819,04,0081,Military Family Student,Subgroups,*,*,*,*,*,*,*,*,*,*,*,*,*,*,*,*,*,*,*,*,*,*,*,*,*,*,*,*,*,*,*,*,*,*,*,*,*,*,*,*,*,*,*,*,*,*,*,*
1819,04,0161,Military Family Student,Subgroups,*,*,*,*,*,*,*,*,*,*,*,*,*,*,*,*,*,*,*,*,*,*,*,*,*,*,*,*,*,*,*,*,*,*,*,*,*,*,*,*,*,*,*,*,*,*,*,*
1819,04,0172,Military Family Student,Subgroups,*,*,*,*,*,*,*,*,*,*,*,*,*,*,*,*,*,*,*,*,*,*,*,*,*,*,*,*,*,*,*,*,*,*,*,*,*,*,*,*,*,*,*,*,*,*,*,*
